21
75
94
62
64
7
52
92
51
29
73
31
38
90
82
88
78
49
43
69
71
58
0
5
41
53
56
4
32
49
37
65
40
60
66
34
61
7
5
29
83
39
14
15
2
77
83
47
8
6
46
28
55
90
23
51
16
56
79
27
39
62
23
70
3
74
6
69
3
96
74
75
24
6
51
79
10
75
47
80
21
46
93
3
58
81
26
23
35
5
9
0
96
20
28
62
84
82
32
4
71
86
34
15
95
38
9
26
47
0
29
49
86
2
70
18
77
0
14
84
99
56
0
84
35
3
35
11
32
30
19
76
9
83
6
6
24
14
6
80
23
12
68
47
84
14
2
46
3
54
70
62
87
16
5
43
33
76
91
85
6
83
57
34
40
95
2
52
90
74
1
86
1
87
72
61
83
1
34
58
88
70
68
59
76
55
30
72
98
33
23
8
72
44
33
37
51
24
14
27
90
27
63
6
75
14
52
63
78
15
10
2
15
13
11
81
91
58
14
90
84
64
31
2
1
85
65
24
77
8
62
35
69
70
50
58
72
91
19
77
96
83
31
13
58
51
55
68
38
80
16
8
89
38
79
83
79
75
82
16
1
64
95
58
74
1
73
26
89
65
58
63
52
57
98
92
79
49
70
14
11
32
80
72
49
19
23
35
81
18
74
67
57
41
71
77
75
54
64
22
69
18
97
44
4
70
32
80
33
65
11
74
36
50
29
41
38
85
61
93
20
80
21
79
90
77
4
71
53
34
80
61
42
85
92
46
86
88
88
70
5
10
45
53
44
82
44
11
75
62
18
59
16
70
62
71
47
11
46
53
21
2
49
76
71
30
93
90
18
12
66
43
94
53
51
47
94
79
76
11
16
18
14
80
70
45
64
85
68
99
41
50
65
98
86
93
64
18
29
40
86
69
85
72
47
13
99
95
45
5
85
31
28
97
89
26
52
19
55
34
43
3
56
33
61
64
56
47
64
51
83
38
52
11
91
91
26
16
67
45
78
45
87
63
25
12
34
32
26
17
88
42
24
50
89
82
90
25
68
86
87
63
76
29
75
31
43
28
79
99
87
7
94
20
2
59
52
82
14
56
85
89
37
64
3
10
24
27
0
70
23
83
80
42
27
54
23
38
36
54
88
81
87
68
75
60
51
2
34
24
3
69
12
36
47
95
7
28
71
45
26
21
77
16
90
15
70
20
10
24
34
15
82
54
74
66
35
40
80
74
68
55
1
74
2
66
40
74
67
97
42
10
87
34
51
56
44
67
58
97
1
32
76
33
0
97
37
49
8
64
44
61
76
27
14
34
2
47
94
80
3
85
13
6
55
36
26
77
50
76
87
41
32
0
97
8
76
67
19
90
62
33
44
24
3
44
44
13
13
80
42
52
69
57
94
96
74
9
13
82
1
49
50
96
0
59
31
33
29
47
8
79
6
77
98
81
25
8
87
25
42
84
38
19
42
91
74
26
78
0
94
70
80
91
57
22
86
8
65
19
75
83
50
49
6
36
25
25
55
87
88
32
14
92
30
80
60
21
88
15
1
96
84
95
6
67
69
2
72
45
22
13
15
69
18
83
30
70
64
52
59
84
13
59
20
76
15
62
77
60
23
54
75
79
71
34
55
54
53
12
26
88
27
65
42
30
26
80
30
90
9
3
81
22
66
8
59
94
99
44
11
77
97
11
13
0
92
17
63
12
29
98
62
79
35
40
10
73
72
11
35
5
13
56
59
71
27
33
37
80
72
68
49
90
33
77
34
68
46
52
81
6
77
86
70
46
86
35
65
75
87
39
92
48
85
67
49
13
15
42
64
35
61
85
31
96
73
64
93
90
38
47
80
20
18
71
89
12
60
55
79
78
70
33
68
1
24
35
20
67
69
59
82
58
56
53
33
54
32
6
11
58
22
16
52
87
4
10
9
33
52
52
23
58
53
51
78
63
44
7
7
21
51
66
8
6
16
98
64
71
25
85
83
35
51
33
89
53
7
88
62
11
64
13
93
31
71
5
28
46
81
54
1
16
76
23
14
74
18
88
66
92
16
83
33
62
91
67
99
22
44
83
95
74
64
63
84
45
65
2
76
7
41
24
47
33
84
77
2
99
87
55
96
71
46
95
83
86
97
59
10
39
25
66
12
94
54
35
82
5
66
32
89
37
99
51
57
24
18
85
64
34
8
61
16
53
14
39
77
79
46
35
74
44
66
31
63
78
11
1
7
20
7
9
33
51
90
79
44
69
26
23
57
90
73
87
56
75
80
83
